MLPWORKRATIO gp took 1879.552983128

MLPWORKRATIO GP bestScore:1.0690590854044513


tanh, lbfgs, 0.0004080133431790696, constant, 0.6171828209136181, 517

22.039337024683658, 1.3074745141986877, 1.2463714196536013, 1.5941389318518102, 1.2397467772113921, 6.376551950264834, 5.308452312615043, 10.173093131671285, 1.3814469652814432, 3.8934075755583586, 5.818010012695198, 244.8944139406676, 1.3468385292568907, 1.2274102691082325, 269.2531364570755, 12.875333312197256, 1.2637501168861205, 1.2869963644410747, 1.715361401759958, 1.791817563930014, 7.642445485862369, 1.2808967597874668, 211.51572783260244, 1.338822507957054, 1.3601088180439935, 1.3695235552041245, 1.3491003775828732, 1.3886617818439593, 1.328870500576714, 1.197833808486033, 1.329802913938118, 1.4236630955668235, 1.3005533547930097, 1.2596381002817292, 1.0690590854044513, 1.2470614007447434, 1.3051090465818984, 1.3473393337364423, 1.2845658665690296, 1.3216932462397948, 1.3932658838832495, 1.3311611778732735, 1.2562331969056617, 1.421703258234527, 1.3567134459080128, 1.4411333177544483, 1.398487259944396, 1.3387290998122952, 1.505662196258932, 1.3570414443387375, 1.6172240593154321, 531.0561671914672, 1.4054400973286436, 1.3108739817393156, 1.3213931162577974, 1.2217628257088002, 1.2791640474140233, 1.4137458698615861, 1.3525630902863284, 1.2978795962337764, 1.2156932867357626, 1.3094031459817983, 1.320107809146499, 1.3410047419381306, 1.255311068457826, 1.2858722175382615, 1.2678905047824442, 1.2977001270536759, 236.98761169703107, 1.2671285441598108, 1.2776236142665065, 1.3061903555876608, 1.3619957862045045, 1.3468341412574205, 1.3358327021936898, 1.2521371616752555, 17.41050417872848, 1.3563628452981364, 1.307294573415383, 1.351238513292505, 1.3182869682512734, 1.2637257662820933, 1.4976369316186127, 1.309281746795613, 1.2743052015917293, 1.4047528509834932, 1.400071774568623, 1.317425045452053, 1.448583691981226, 1.4488819860226172, 1.4951683662373485, 1.3971514388009845, 1.4226193769100608, 1.2988659046207414, 1.4292746383842714, 1.2412682473066754, 19.860324078241632, 1.2263275429440648, 1.4252741402412321, 1.3084330865071983

MLPWORKRATIO took 3.57583747100216

MLPWORKRATIO standard run score:0.0001279837533759709

