SVRWORKRATIO gp took 971.8408960810011

SVRWORKRATIO GP bestScore:1.6785265717346982


0.00010127041064150936, 0.75886581110639, False, 1.9850105202785464, 4653

2.0851698834539927, 2.2806160243522755, 2.5486787159185837, 1.6785265717346982, 6.456113542091757, 2.9301048652459314, 1.9955580278516736, 4.601282580267381, 2.5200777978410267, 4.568421597010135, 2.8851816269008586, 2.723289744871497, 2.9895513477219455, 3.0216914702984705, 2.482687243519893, 2.6653408189097267, 3.291075087063875, 3.2542199245441688, 4.076420580252866, 2.731096364306881, 6.951981843229147, 6.315728059002868, 3.2094392884601843, 3.9632195411676583, 3.230691535581118, 16.838083865084226, 3.4596621953123328, 2.671958984770795, 24.87217056129474, 4.7215920385448245, 3.275064363391921, 3.6468172329285906, 5.918063912027539, 7.940963797114971, 2.8706459005646305, 3.8805241613995465, 4.103894139043239, 6.419095638255871, 4.307874146110764, 2.721019224117905, 3.1433936929321358, 2.494254719604712, 1.9373403382836358, 5.739965595157015, 4.433913585585116, 5.536671211977093, 2.209392941077472, 5.844096409885661, 7.522450653568283, 5.066575359070069, 1.905322288165931, 1.8848651989509968, 3.301560332156327, 3.484348739443695, 3.1373959735201886, 3.0030477126668953, 3.142087048741249, 3.537472940953997, 3.7291393307037444, 1.9223958225820552, 7.271228523999063, 5.990920571890457, 1.7482533893112262, 2.066971896399755, 5.152760419058084, 2.226441730267937, 3.1641811893992626, 10.920552713779324, 2.7059071032140194, 2.681548848687685, 2.4274508572580658, 10.347348339825073, 3.1345556030536357, 2.02635798328161, 1.9375263648632337, 2.3310766232547917, 2.8200484900445826, 6.885788344964143, 4.799830131926274, 2.560360518198002, 2.116929513310704, 2.9812772876838207, 3.8590977362352334, 2.181543226594263, 2.4879163419860473, 3.2229888113608527, 7.494901810278703, 3.328361213515652, 2.708849606935985, 2.3662764510761214, 2.4218167196492755, 1.9316091814659615, 3.3825562938449942, 2.3588797724577297, 1.8322730243854572, 2.1916782198358336, 10.855180962003043, 3.5195731065124893, 7.143517090469956, 3.87999862750659SVRWORKRATIO took 9.402076098001999

SVRWORKRATIO standard run score:-3.4812329243053286

0.01955601779685314, -0.003566019216266482, 0.022819850917019487, 0.01351224160351237, -2.4689756308467317e-06, 0.010208410421856216, 0.0031240928719753927, -3.2123049882779253e-05, 5.169356020282895e-07, 0.016128550474604382, -3.1082885270651807e-05, 6.698433309762269e-06, 6.698433309762269e-06, -0.0001535120687352278, 2.0260460226736758e-07, 0.006663760112206432, 2.4025973426901734e-06, 5.798439924402657e-06, 1.7144272642956119e-07, -5.962062103922176e-06, 2.216354999313019e-06, -0.0002696390433298183, 0.006790314078839777, 8.51955667209901e-07, -8.767539006153215e-08, 1.117590968807788e-08, 6.149588374936531e-07, 8.105888213491412e-09, 4.952787493319423e-07, 0.0, -2.5405460257695973e-08, -6.401196402156364e-08, 0.0008534589633936633, 0.006665881336947369, 1.2928935402995998e-06, 1.244059740923975e-07, 0.0, 0.0, 2.5982985598264357e-08, 0.0, -0.0010018710373497024, -5.955716163714408e-06, 2.247232697031272e-06, -0.00026969209058549086, 0.006790314098226983, 8.531529503239547e-07, -8.79050318032769e-08, 2.436224157486609e-08, 6.149588374936531e-07, 8.105888213491412e-09, 4.969290065963086e-07, 0.0

